1	142.779999
2	153.360001
3	285.540009
4	363.179993
5	486.040009
6	505.359985
7	442.140015
8	838.640015
9	963.320007
10	586.799988
11	980.280029
12	876.020020
13	965.460022
14	1045.760010
15	1427.699951
16	1515.180054
17	1454.560059
18	1428.839966
19	1655.819946
20	1492.680054
21	2141.580078
22	1779.540039
23	2002.760010
24	2095.060059
25	1865.520020
26	2021.020020
27	1878.140015
28	2197.800049
29	2223.639893
30	2194.899902
31	1873.400024
32	2063.159912
33	2477.879883
34	2270.500000
35	2279.860107
36	2389.719971
37	2477.560059
38	2567.760010
39	2289.300049
40	2354.159912
41	2501.580078
42	2455.780029
43	2582.280029
44	2251.320068
45	2528.620117
46	2500.540039
47	2869.379883
48	2419.500000
49	2633.639893
50	2533.100098
51	3045.580078
52	2239.320068
53	2626.520020
54	2521.040039
55	2423.459961
56	2851.399902
57	2729.360107
58	2312.100098
59	2437.939941
60	2292.159912
61	2489.840088
62	2380.320068
63	1914.839966
64	2106.159912
65	1948.239990
66	2261.100098
67	2511.459961
68	2293.340088
69	2059.419922
70	2191.020020
71	2064.620117
72	1999.000000
73	1844.079956
74	1669.459961
75	1734.760010
76	1996.640015
77	1644.400024
78	1590.719971
79	1536.560059
80	1472.000000
81	1486.780029
82	1444.420044
83	1615.199951
84	1264.800049
85	1291.880005
86	828.619995
87	921.719971
88	978.599976
89	1174.000000
90	702.119995
91	1222.760010
92	905.780029
93	678.780029
94	613.280029
95	568.760010
96	529.200012
97	281.399994
98	79.800003
99	81.000000
